epoch:0 0.1592  0.2532  0.1990  -1.0000  0.1149  0.2695  0.1615  0.3164  0.3164  -1.0000  0.3060  0.3500  0.7565  0.004000
epoch:1 0.1128  0.1736  0.1342  -1.0000  0.0894  0.1611  0.1487  0.2641  0.2641  -1.0000  0.2577  0.2848  0.4882  0.004000
epoch:2 0.1206  0.1966  0.1485  -1.0000  0.0826  0.2327  0.1426  0.2774  0.2774  -1.0000  0.2530  0.3565  0.4538  0.004000
epoch:3 0.1515  0.2533  0.1928  -1.0000  0.1188  0.2734  0.1472  0.3082  0.3082  -1.0000  0.2886  0.3717  0.4108  0.004000
epoch:4 0.1791  0.2669  0.2234  -1.0000  0.1776  0.2045  0.1677  0.3692  0.3692  -1.0000  0.3819  0.3283  0.3931  0.004000
epoch:5 0.1768  0.2647  0.2214  -1.0000  0.1515  0.2758  0.1672  0.3446  0.3446  -1.0000  0.3295  0.3935  0.3577  0.000400
epoch:6 0.1298  0.1865  0.1665  -1.0000  0.1026  0.1998  0.1374  0.2826  0.2826  -1.0000  0.2832  0.2804  0.3398  0.000400
epoch:7 0.1407  0.1997  0.1717  -1.0000  0.1026  0.2753  0.1472  0.2821  0.2821  -1.0000  0.2550  0.3696  0.3263  0.000400
epoch:8 0.1381  0.2175  0.1702  -1.0000  0.0986  0.2648  0.1533  0.3010  0.3010  -1.0000  0.2711  0.3978  0.3196  0.000400
epoch:9 0.1443  0.2102  0.1753  -1.0000  0.1337  0.1689  0.1769  0.3159  0.3159  -1.0000  0.3262  0.2826  0.3088  0.000400
